a_1 <- 3.0
a_2 <- 66427.66666666667
a_3 <- 52010.666666666664
a_4 <- 736.0
a_5 <- 190.66666666666666
a_6 <- 32.666666666666664
a_7 <- 68293.33333333333
a_8 <- 30588.333333333332
a_9 <- 9.666666666666666
a_10 <- 6119.0
a_11 <- 23.0
a_12 <- 0.6666666666666666
a_5sd = 162.35865647797576
